0 0 250 0 250 10000 0 10000
0 250 750 250 1000 500 1250 500 1500 250  2000 250 2250 500 5000 400 10000 400 10000 0 0 0
9500 0 10000 0 10000 10000 9500 10000
0 9500 10000 9500 10000 10000 0 10000
0 1000 750 1000 1000 750 1250 750 1500 1000 2000 1000 2250 750 5000 1300 6000 1000 7000 2000 7000 2500 6500 2500 5500 1500 0 1500
1500 3500 2000 3000 4500 3000 6000 4500 8500 4500 9500 3500 9500 5500 5500 5500 4000 4000 1500 4000
500 4500 1500 5500 3500 5500 4500 6500 8000 6500 8500 7000 8000 7500 4500 7500 3500 6500 1500 6500 500 7500
1500 8000 2000 7500 3000 7500 4000 8500 5000 8500 5500 8000 9500 8000 9500 9000 9000 8500 5500 8500 5000 9000 4000 9000 3500 8500 2000 8500
//9
8000 1250 8250 1000 8500 1250 8250 1500
8000 2250 8250 2000 8500 2250 8250 2500
8000 3250 8250 3000 8500 3250 8250 3500
7000 3250 7250 3000 7500 3250 7250 3500
6000 3250 6250 3000 6500 3250 6250 3500
1000 2000 1500 2000 1500 2500 1000 2500
2000 4500 2500 4500 2500 5000 2000 5000
3000 4750 3250 4500 3500 4750 3250 5000
8500 6250 8750 6000 9000 6250 8750 6500
1000 8750 1250 8500 1500 8750 1250 9000
9000 500 9500 1000
//
1600 625 1670 575 1770 575 1840 625 1770 675 1670 675